1 1158
2 1167
3 1182
4 1202
5 1193
6 1187
7 1155
8 1154
9 1205
10 1175
11 1135
12 1120
13 1084
14 1077
15 1087
16 1070
17 1045
18 1033
19 1041
20 1029
21 1013
22 1003
23 1002
24 1017
25 1047
26 1076
27 1062
28 1026
29 1062
30 1120
31 1152
32 1189
33 1214
34 1239
35 1263
36 1255
37 1227
38 1215
39 1196
40 1175
41 1119
42 1051
43 991
44 954
45 969
46 1004
47 982
48 917
49 902
50 933
51 964
52 959
53 895
54 867
55 829
56 856
57 901
58 921
59 913
60 939
61 935
62 912
63 919
64 905
65 869
66 819
67 774
68 742
69 717
70 720
71 747
72 733
73 695
74 682
75 709
76 718
77 729
78 739
79 764
80 806
81 814
82 814
83 833
84 833
85 842
86 847
87 860
88 896
89 952
90 997
91 967
92 996
93 1030
94 1006
95 999
96 982
97 1015
98 1067
99 1081
100 1044
101 1016
102 1018
103 1016
104 1038
105 1050
106 1072
107 1110
108 1116
109 1115
110 1147
111 1132
112 1118
113 1121
114 1090
115 1068
116 1059
117 1032
118 1048
119 1034
120 999