9713.28 8485.44 972
2962.62 2387.82 367
10140.57 8230.65 846
1745.07 13884.22 351
1509.91 3903.84 491
1204.92 13095.15 425
1539.62 5140.49 693
3454.28 2076.49 366
2413.55 2144.82 368
1409.25 1735.32 357
1748.98 14832.00 305
1553.93 5720.68 861
1346.20 13615.93 360
9478.51 272.13 406
2525.35 15731.59 228
8429.28 14307.16 634
10286.29 1139.15 431
9763.74 10502.26 897
1452.09 12670.56 460
8449.23 14810.13 448
2124.57 13745.42 370
1058.68 4196.09 536
10529.03 3120.78 474
10198.73 10740.09 904
1477.03 3318.78 441
1733.81 1466.32 354
10828.42 5033.89 522
3446.37 1464.74 362
9861.88 1046.45 401
1354.12 9980.96 838
10643.09 7463.25 798
2172.15 14929.24 289
9860.16 515.32 428
2151.26 15494.27 249
2507.97 246.53 356
9480.52 15755.91 364
4499.88 299.49 349
991.08 1548.12 353
1074.33 4843.05 695
496.01 14029.77 343
2806.03 13754.79 348
3214.19 13795.88 346
10854.45 6978.75 675
10952.95 2794.48 456
929.61 14073.22 345
9482.03 1371.30 428
945.53 10238.49 776
1963.68 2499.73 383
6982.27 15527.20 319
5000.66 603.13 358
2172.32 6544.13 909
2125.66 5976.92 790
3995.24 1188.44 365
11101.07 14150.34 786
11148.24 1873.84 439
6951.26 15057.26 370
10149.53 7589.25 786
10585.17 4578.67 525
2552.37 14598.31 310
2236.49 1646.22 357
5500.78 303.65 355
207.34 1470.23 356
3999.88 588.16 355
8979.17 558.31 382
3023.02 15461.03 267
11525.50 14060.03 547
6510.26 1476.98 384
9874.18 13467.71 900
3029.16 14892.79 278
2958.98 1110.99 353
6004.92 1195.91 374
6001.30 598.28 358
10018.38 2826.92 455
1556.66 14446.10 322
11792.66 14529.77 486
11792.66 1470.23 503
207.34 14529.77 353
2422.69 12926.16 422
9516.77 1949.44 454
3426.06 12882.67 419
7008.74 1169.65 374
10009.57 2230.31 466
2389.40 11731.61 592
2925.52 12614.62 479
5507.53 1505.59 375
1462.06 2270.12 389
3007.97 535.20 354
8973.53 15523.17 404
2539.84 3332.72 418
8980.98 1126.35 413
580.99 13022.67 423
288.68 13500.00 361
5003.78 1207.44 364
3034.76 3022.04 395
9391.14 13220.53 985
11560.43 1938.34 471
2452.29 1235.32 353
7513.56 1451.33 384
2017.83 3053.39 412
9366.05 12658.71 1131
7906.07 13544.13 631
2567.03 3925.68 459
2077.90 4231.41 490
9547.00 3119.51 450
7387.42 12719.91 626
8579.46 3728.56 484
4498.36 1504.08 367
9078.51 3994.50 478
2886.98 12008.78 564
7002.62 584.94 363
7877.12 12414.11 789
7399.55 13289.80 601
8917.19 13503.19 993
8559.51 3152.10 464
5519.98 2093.39 384
7502.11 290.31 350
6030.66 2369.69 392
6560.08 3219.63 421
9555.96 3687.38 457
9096.23 4569.93 500
6050.22 2947.32 407
8695.76 7199.21 662
7208.17 7532.42 583
7050.34 2914.05 407
7618.41 4916.55 496
7697.46 7227.88 570
8205.98 7506.43 633
7753.98 8963.95 757
9139.56 5728.76 559
8634.91 5457.95 531
8675.90 6614.32 585
7638.25 5493.62 504
9634.51 4827.57 521
8108.56 4610.57 493
8616.56 4880.96 502
5048.86 2979.50 401
5559.57 3253.16 408
5028.82 2397.36 388
9659.49 5409.42 547
7733.71 8388.44 676
8146.75 5764.63 529
9160.87 6306.69 600
5579.54 3831.25 427
6089.46 4102.88 443
8166.43 6343.07 558
9694.34 6609.97 640
9711.80 7232.95 695
5109.77 4714.51 461
5089.61 4137.06 443
5619.63 4985.79 481
9198.20 7514.56 671
9208.63 8125.65 818
4680.16 6751.51 622
4169.99 6480.16 686
4619.73 5020.33 463
5169.78 6445.67 579
4639.79 5597.39 542
3639.31 5631.67 534
4149.58 5903.05 556
3701.90 7363.50 731
4211.11 7634.55 702
3680.91 6786.17 816
4700.30 7328.57 638
5209.89 7599.73 630
4231.09 8211.56 776
3761.35 9094.47 1237
4270.76 9365.53 1098
11723.59 8500.00 908
4800.02 10213.55 1227
10849.00 8956.51 1125
10861.81 10036.51 981
4290.62 9942.49 1173
11724.90 7496.96 778
4740.25 8482.59 760
11436.22 6996.96 662
3741.62 8517.51 943
11439.73 9000.00 1061
11448.49 7996.96 1007
11444.09 10000.00 1051
11716.14 9500.00 1087
4860.01 11944.53 555
11479.82 12005.34 917
4350.83 11673.20 647
5349.73 11638.74 645
5819.36 10755.94 993
5289.74 9907.75 960
4820.04 10790.51 862
287.04 9541.76 1014
8500.66 286.19 366
6329.04 11027.15 703
11741.42 12503.83 795
11466.35 11001.52 1147
5329.74 11061.72 982
4579.74 3865.96 413
8800.10 10628.92 810
6500.51 294.63 358
6859.01 11875.52 619
11727.95 10500.00 1001
4558.95 3286.49 394
11738.40 11501.52 1076
264.47 7501.60 1831
5879.39 12487.02 453
4934.90 13628.18 396
6389.39 12758.39 438
6349.06 11604.18 576
2824.00 10860.84 849
4089.61 4172.23 448
3332.58 11131.12 788
5389.65 12792.80 450
5412.87 13351.62 408
6879.31 12452.70 612
3355.72 11707.42 601
9291.92 10875.50 887
6411.24 13321.49 407
3579.50 3901.17 431
5859.37 11909.98 634
2804.49 10284.41 1014
4879.90 12521.56 498
5924.47 13608.94 402
4043.71 3000.46 384
6915.75 14105.79 448
311.89 5490.62 1081
1861.95 10870.84 636
2777.78 9136.48 1091
3106.96 4784.05 534
556.96 9049.29 1137
4402.54 12819.63 460
4434.31 13367.43 419
3864.18 11978.31 552
4510.95 2106.20 376
2758.93 8559.52 955
296.24 3510.33 473
3273.22 9401.12 1472
3292.86 9977.95 1461
3896.00 12547.71 463
3214.90 7670.20 842
2349.54 11159.98 630
2714.52 7391.31 952
3167.62 6513.89 819
292.32 12522.67 439
3500.00 288.68 353
3146.42 5936.50 658
5492.01 15738.65 285
3497.67 15729.44 261
4497.10 15739.91 273
3087.07 4207.30 452
3554.39 3308.87 387
4989.11 15478.57 290
3234.64 8247.19 857
2688.22 6812.34 908
3994.77 15469.36 276
5799.37 10178.93 825
6913.30 13585.69 511
4015.74 2402.31 376
8875.29 12381.22 1076
2600.99 5092.12 594
2620.37 5667.73 665
7348.68 11569.70 701
2091.96 4821.11 560
7288.47 9838.57 681
11711.32 6500.00 604
10543.12 9493.03 1054
534.39 8009.13 1527
3821.08 10825.00 918
4330.86 11096.19 744
6818.74 10721.35 698
8493.01 15767.26 373
11711.32 5500.00 520
7858.69 11841.08 828
11712.41 4508.06 490
269.91 8507.53 1443
11690.57 3477.46 485
6289.07 9873.15 855
3800.86 10248.26 1178
7795.68 10106.45 662
7328.43 10992.55 640
11422.65 6000.00 566
6798.75 10144.35 633
8855.12 11804.90 1123
5269.76 9330.75 992
8348.19 11535.16 1067
11423.73 5008.06 503
9324.14 11470.98 886
11402.98 3985.52 491
8325.40 10954.67 836
7815.65 10683.44 784
6269.09 9296.15 936
4760.19 9059.59 931
5229.86 8176.74 675
5759.42 9024.94 919
5739.44 8447.93 735
6229.14 8142.17 660
6209.17 7565.15 583
5699.50 7293.89 587
5679.53 6716.89 560
5149.81 5868.66 615
3619.23 5054.83 504
5639.62 5562.89 489
6169.24 6411.09 534
4109.45 4749.15 466
7148.69 5799.55 502
6149.29 5834.09 563
6109.40 4679.98 453
6639.02 5528.29 498
6619.11 4951.28 469
6579.36 3797.10 430
7108.94 4645.47 480
8089.17 4033.60 478
7089.12 4068.39 462
7579.21 3762.50 464
6523.54 2062.96 395
8766.09 10055.75 866
7228.23 8109.36 601
8271.42 9804.51 835
7559.70 3185.64 455
7033.35 2335.01 402
7677.77 6649.41 544
7168.53 6376.89 532
6698.77 7259.68 570
6738.80 8413.66 662
7268.47 9261.84 705
8249.71 9238.74 931
8722.39 8393.92 795
6678.81 6682.63 541
8729.66 8967.10 936
6758.77 8990.63 712
8222.17 8090.05 684
9049.61 2850.17 453
8049.72 2880.28 447
7524.90 2030.70 390
8002.76 576.49 361
9028.19 2276.70 428
8031.90 2304.39 417
8386.79 12684.52 897
2250.96 8286.87 1019
1110.39 8010.95 1314
8403.60 13244.65 716
576.72 12022.67 522
2226.28 7695.65 1041
8520.27 2002.74 420
8008.10 1152.80 363
1374.25 11173.86 604
284.40 11500.00 583
1839.19 10302.85 717
2300.21 9444.46 1105
9848.42 12346.68 985
10272.94 12673.40 1044
1110.22 6092.39 1195
2307.28 10015.56 969
8507.81 1430.53 390
11474.26 13034.09 988
3520.57 13400.78 383
566.09 2257.13 383
9661.74 9028.69 1074
9925.70 13998.08 829
10928.25 12012.73 1153
7921.57 14076.04 579
10902.92 698.17 469
1114.99 729.22 372
1102.18 15301.02 286
10904.71 15312.91 595
9864.92 15510.07 440
542.75 1818.90 376
10734.02 12528.92 1022
540.31 4993.96 789
524.66 4013.67 521
9826.68 11735.28 881
10609.42 5525.83 550
561.90 5996.45 1341
514.49 7007.43 1662
10502.51 3649.98 498
11458.34 2945.57 478
1971.74 12583.18 459
1112.57 12098.08 530
429.56 1025.78 442
1449.42 11725.86 552
10492.44 1498.14 452
2120.12 479.83 352
230.68 2575.13 397
10632.83 8441.02 1000
6493.09 15762.81 297
10061.64 4488.74 523
7982.19 15531.65 371
10668.08 10536.51 979
484.86 10048.41 844
1837.56 8620.16 1124
1342.43 8501.81 1216
942.89 10863.40 675
482.22 11006.65 754
10478.81 14581.89 726
11570.44 1025.78 499
429.56 14974.22 305
11570.44 14974.22 647
10709.24 11508.90 1076
8927.37 14033.79 794
11732.84 13530.26 704
1321.15 7516.47 1344
8949.78 15039.84 482
1797.05 7382.86 1196
10229.45 11377.63 955
10871.06 4030.30 497
877.89 1088.34 356
9164.36 9242.08 1125
6440.33 14338.29 364
10273.29 15643.05 442
10111.96 5692.48 565
10287.64 14912.42 587
3500.04 14669.48 305
9684.92 9964.90 1118
9455.30 14784.59 568
228.43 4503.34 601
250.01 6505.83 1706
2506.78 14104.69 354
10622.96 6481.78 617
11140.03 1057.28 473
865.07 14941.91 316
11141.81 14953.80 770
9179.09 9764.96 1139
10125.50 6315.10 602
7962.16 15057.84 376
10417.46 1982.22 447
7417.49 14341.81 479
1769.38 6810.32 1071
4477.19 14325.67 350
4485.78 14767.67 347
1976.98 11994.47 518
995.16 7020.48 1459
10506.80 719.13 452
1505.87 15285.93 273
10356.55 14168.90 935
1504.92 740.30 352
10757.52 13853.82 846
11767.77 2468.11 480
10006.77 9492.57 1169
11018.42 13051.80 963
10273.62 13232.60 1033
2423.82 13395.52 384
9863.45 15022.08 574
10916.06 6000.00 580
9452.84 14281.50 645
10000.81 3923.99 493
10948.46 7981.47 924
5985.10 15501.47 312
1067.23 2521.16 418
1028.05 3016.15 442
1867.96 9200.79 982
10850.18 2252.53 477
4022.28 13613.62 382
3556.97 14219.09 330
7489.18 15764.39 299
5951.11 14105.64 375
10270.54 354.30 441
1737.02 15651.57 236
1053.47 9041.75 1105
4960.71 14114.81 361
1076.44 14540.91 328
5465.32 14334.94 356
6455.20 14810.92 352
1389.96 9450.01 942
3991.01 14977.63 322
1723.26 344.42 347
526.91 3085.46 437
10988.76 11001.52 1024
197.81 10506.65 804
4981.55 14998.05 314
5477.56 14776.19 332
10511.33 15289.30 584
10950.05 1437.23 448
10726.11 13447.89 768
1279.02 6614.82 1314
1720.46 1042.20 345
7438.14 14820.64 414
10939.61 14599.66 957
5978.22 15019.52 331
2113.44 892.84 349
4039.34 14085.24 354