ID,X(m),Y(m)
1,349570.11,3046465.68
2,348045.55,3037497.51
3,350063.39,3046530.22
4,339970.33,3045770.40
5,345966.09,3037788.28
6,340034.85,3044816.33
7,345223.62,3038777.68
8,348624.39,3037557.52
9,347764.90,3036966.69
10,347229.92,3036023.24
11,339386.48,3046517.00
12,344875.56,3039242.10
13,339823.29,3045312.73
14,354471.91,3039871.29
15,339439.01,3047704.12
16,344956.80,3050241.71
17,354569.26,3041052.29
18,348360.80,3048080.51
19,340491.85,3044636.01
20,344661.00,3050648.99
21,340354.27,3045896.41
22,345430.81,3037738.32
23,353532.73,3042758.57
24,348555.08,3048536.63
25,346302.57,3037308.53
26,347651.35,3036013.01
27,352583.10,3044446.12
28,348997.00,3037072.28
29,354293.43,3040716.68
30,342080.48,3042463.49
31,350933.19,3046238.86
32,339658.54,3046855.40
33,354620.99,3040298.58
34,339292.24,3047286.12
35,349014.57,3035534.65
36,344885.08,3052030.24
37,350545.80,3036809.73
38,347017.50,3035617.30
39,345042.47,3038255.99
40,338899.45,3045111.19
41,340883.53,3046325.77
42,341178.58,3046610.78
43,351399.17,3045989.31
44,354067.64,3042764.87
45,339213.00,3045413.81
46,353794.01,3040736.53
47,341600.18,3042412.68
48,347191.89,3036966.78
49,343065.10,3050303.61
50,350750.97,3037358.26
51,344851.19,3040271.60
52,345165.81,3039797.34
53,349599.07,3037195.23
54,347151.77,3051773.10
55,354791.09,3042162.93
56,343331.77,3049915.41
57,350467.62,3046032.15
58,352674.00,3043938.05
59,340162.01,3046831.01
60,347934.64,3036465.55
61,351329.12,3037432.81
62,346450.35,3035070.80
63,349974.44,3036726.76
64,353902.61,3039786.78
65,339997.31,3047799.86
66,347540.96,3051965.02
67,351395.16,3038979.22
68,346611.15,3050477.35
69,340354.02,3047357.49
70,348833.37,3036492.70
71,351172.43,3038445.60
72,351539.67,3037974.10
73,353313.74,3042211.60
74,339474.45,3046094.90
75,347459.84,3052499.30
76,355547.03,3042245.08
77,338363.16,3045325.02
78,341095.68,3045437.75
79,353463.27,3041211.99
80,341910.45,3046024.94
81,351976.88,3039046.60
82,353676.28,3041737.70
83,341809.27,3044479.19
84,341683.42,3045504.51
85,350590.10,3038380.74
86,346940.20,3036475.86
87,349228.40,3036070.94
88,344631.12,3051533.54
89,347128.46,3037977.62
90,353552.27,3040233.92
91,339589.84,3044373.05
92,339064.72,3044566.82
93,350379.20,3037834.69
94,347709.45,3038040.17
95,346384.94,3049984.14
96,355074.81,3042468.82
97,348358.54,3036276.55
98,352198.83,3039580.38
99,346891.55,3037435.05
100,346713.15,3049527.46
101,345018.49,3049318.59
102,346782.61,3038460.05
103,346209.22,3038397.21
104,352762.43,3042149.44
105,345121.65,3048350.24
106,351625.57,3042028.50
107,349798.66,3037754.62
108,351852.74,3042546.36
109,342028.33,3045004.95
110,352334.16,3038583.70
111,345695.53,3048413.38
112,344778.27,3048805.22
113,345837.76,3049912.58
114,351966.89,3041563.52
115,350235.89,3038849.98
116,352908.80,3038661.66
117,350465.77,3039383.17
118,350355.13,3040378.39
119,352417.81,3042600.88
120,351510.31,3043009.15
121,350123.42,3039848.83
122,349567.67,3044825.64
123,348193.29,3044166.07
124,350929.31,3040442.04
125,350135.30,3042366.17
126,348766.06,3044229.95
127,348992.85,3044763.57
128,347735.37,3045628.09
129,350826.72,3043945.89
130,350598.18,3043420.74
131,349914.27,3044354.10
132,349793.52,3042831.56
133,351773.41,3043544.78
134,350709.64,3042429.44
135,350941.07,3042956.33
136,349317.24,3039254.00
137,349548.78,3039785.14
138,349662.00,3038784.51
139,351432.72,3044017.11
140,348075.84,3045163.66
141,350024.97,3043359.24
142,350485.57,3044412.87
143,349206.48,3040251.42
144,349438.65,3040780.47
145,349682.22,3043825.62
146,350716.63,3044981.35
147,350344.57,3045481.32
148,348290.66,3040654.03
149,348632.42,3040188.15
150,348523.00,3041182.78
151,349766.90,3045384.39
152,349396.67,3045870.67
153,346691.91,3041987.43
154,346459.36,3041458.44
155,347716.50,3040590.70
156,347265.74,3042050.48
157,347374.90,3041056.23
158,346568.11,3040463.59
159,346800.72,3040992.66
160,345544.80,3041862.16
161,345776.79,3042390.32
162,345885.84,3041395.85
163,346350.37,3042453.00
164,346582.57,3042981.48
165,345435.16,3042855.76
166,344519.57,3043258.12
167,344751.70,3043786.41
168,351139.57,3047722.01
169,344642.14,3044780.01
170,350170.15,3047538.86
171,349511.41,3048394.80
172,344410.01,3044251.73
173,351761.73,3046935.24
174,345667.11,3043383.87
175,351844.70,3046363.89
176,344861.37,3042792.88
177,350607.06,3047938.82
178,351235.07,3047156.67
179,349991.23,3048726.71
180,350514.47,3048502.58
181,343617.31,3046176.31
182,348777.46,3050323.41
183,343385.54,3045647.95
184,344191.20,3046239.46
185,345106.62,3045837.12
186,345216.02,3044843.16
187,344300.57,3045245.43
188,341514.60,3041457.85
189,353695.41,3039276.79
190,345338.88,3046365.70
191,348674.18,3050876.81
192,349388.51,3049526.88
193,344532.83,3045774.02
194,348399.95,3039659.54
195,347525.73,3047583.23
196,352119.68,3038044.82
197,345229.65,3047360.02
198,349904.48,3049295.09
199,348742.46,3039191.68
200,349292.50,3050087.94
201,342760.25,3039841.96
202,344081.79,3047233.52
203,342633.51,3047544.67
204,344314.18,3047762.42
205,344997.27,3046831.17
206,342689.74,3044064.59
207,347825.45,3039596.50
208,342921.70,3044591.76
209,343507.89,3047170.34
210,343180.07,3047623.50
211,344888.17,3047825.78
212,342582.99,3045058.59
213,347759.21,3048081.40
214,343982.64,3048218.09
215,347592.77,3039067.78
216,344423.39,3046768.04
217,343031.38,3043599.91
218,343275.61,3046641.71
219,343422.42,3048142.36
220,348515.03,3038648.02
221,343893.09,3049146.34
222,344042.79,3038292.32
223,341928.16,3043476.69
224,343721.27,3042682.03
225,346675.01,3039468.38
226,342031.49,3041238.31
227,342716.20,3046580.14
228,342401.93,3047029.94
229,342814.48,3045586.16
230,349435.67,3038235.19
231,344063.76,3042217.33
232,345256.81,3036727.72
233,343946.41,3043196.62
234,343604.63,3043661.71
235,342486.86,3046052.95
236,344972.49,3041801.40
237,342131.96,3044005.67
238,344752.30,3041272.56
239,345651.42,3040864.20
240,339672.80,3043801.69
241,349767.40,3036182.06
242,345992.33,3040397.72
243,341764.02,3049546.78
244,340203.79,3048304.55
245,340982.05,3048931.67
246,347016.54,3039003.21
247,347939.84,3038587.17
248,341530.21,3049031.14
249,344630.69,3042266.68
250,345090.19,3040801.67
251,340755.17,3048408.16
252,345448.25,3045371.69
253,344213.24,3048736.45
254,348863.47,3038161.04
255,346499.64,3049005.68
256,346086.95,3039396.95
257,345745.72,3039860.93
258,345803.51,3047423.12
259,345855.09,3038868.94
260,346828.25,3046026.57
261,352368.45,3046144.03
262,349597.74,3047770.71
263,342657.90,3040407.61
264,343494.83,3044653.90
265,343727.17,3045182.52
266,345912.76,3046428.84
267,344102.66,3051427.63
268,352987.71,3045358.84
269,346035.91,3047952.03
270,353602.82,3044580.66
271,342141.60,3040635.17
272,354223.88,3043757.91
273,346022.11,3045434.83
274,343836.10,3044188.53
275,347060.62,3046551.00
276,346145.01,3046957.41
277,352451.41,3045572.68
278,346254.37,3045963.41
279,346840.70,3048540.66
280,345557.65,3044377.73
281,346609.70,3048014.95
282,353066.53,3044794.49
283,347415.75,3048568.92
284,353683.44,3043978.75
285,346951.28,3047545.04
286,346718.99,3047016.41
287,346363.73,3044969.41
288,345325.45,3043849.26
289,346240.94,3043446.91
290,346131.49,3044440.84
291,346473.13,3043975.41
292,347046.97,3044038.58
293,347388.62,3043573.14
294,347156.41,3043044.54
295,347498.04,3042579.11
296,347607.38,3041585.06
297,346909.55,3039998.23
298,348181.32,3041648.28
299,348071.92,3042642.25
300,347483.76,3040061.78
301,349219.67,3042768.61
302,348413.57,3042176.85
303,349096.93,3041245.95
304,348987.47,3042240.01
305,349329.15,3041774.61
306,350012.67,3040843.75
307,349903.13,3041837.82
308,351051.71,3041964.40
309,350244.94,3041372.43
310,350819.17,3041435.74
311,351042.72,3039447.55
312,347853.97,3047112.12
313,347851.77,3044631.51
314,347621.14,3046608.51
315,351161.08,3040970.71
316,351274.55,3039976.86
317,349108.83,3043763.55
318,348877.73,3043234.22
319,347962.21,3043636.48
320,347279.03,3044567.35
321,347169.69,3045561.34
322,347954.45,3046150.84
323,348848.75,3045780.21
324,348303.88,3043171.02
325,348499.51,3046234.77
326,346937.42,3045032.75
327,348644.16,3045231.85
328,352538.68,3041629.94
329,351734.93,3041034.40
330,351848.95,3040042.32
331,353124.69,3039196.41
332,352876.98,3041166.39
333,352077.56,3040571.18
334,345928.26,3048941.32
335,343833.74,3041688.68
336,343109.04,3040765.73
337,345594.60,3049391.54
338,340205.74,3043585.21
339,344180.48,3041209.18
340,352647.82,3040636.76
341,352772.00,3039652.23
342,341357.57,3043412.61
343,340299.87,3042993.80
344,342262.02,3043016.62
345,343155.57,3042628.11
346,347285.13,3049581.17
347,347416.13,3050100.60
348,344296.99,3039259.20
349,342807.46,3043080.90
350,352992.37,3040179.74
351,348136.04,3051127.73
352,341663.81,3046490.28
353,346244.75,3035910.83
354,349193.24,3046860.32
355,346323.17,3050925.69
356,348339.81,3049987.65
357,344701.27,3049745.83
358,355326.52,3041087.89
359,347621.91,3035051.04
360,338588.18,3046484.73
361,346277.66,3052564.34
362,345339.14,3052075.26
363,346497.80,3035552.28
364,347867.64,3050272.68
365,344529.71,3038043.80
366,345124.47,3037264.40
367,347646.67,3049087.65
368,352106.51,3044696.77
369,343925.86,3038844.31
370,343262.58,3039608.76
371,353184.19,3043157.66
372,354370.91,3043196.47
373,340953.99,3044889.19
374,340579.78,3043976.25
375,346900.06,3034859.44
376,341074.77,3043892.58
377,354508.83,3041461.82
378,348565.56,3035477.66
379,345784.46,3035952.81
380,350319.64,3047000.24
381,342535.10,3050185.68
382,352318.62,3043543.24
383,343847.47,3050926.30
384,349049.67,3048667.42
385,341356.17,3041978.16
386,343302.75,3041694.38
387,342987.27,3041294.84
388,341211.13,3042901.72
389,340760.70,3042728.92
390,346395.94,3051726.61
391,355647.77,3041758.49
392,338262.42,3045811.61
393,347010.13,3052710.66
394,348479.84,3049456.42
395,345517.18,3050335.50
396,348031.82,3051677.44
397,343580.74,3040507.98
398,344911.77,3051139.33
399,344037.15,3040697.78
400,348184.40,3049056.24
401,353238.06,3043684.51
402,347213.35,3035186.19
403,348670.55,3046719.87
404,343375.82,3049034.48
405,345577.43,3052432.55
406,351612.71,3044519.56
407,346041.15,3051867.75
408,340862.04,3047473.74
409,348631.68,3047609.78
410,345466.77,3051251.95
411,344588.64,3037465.43
412,343365.54,3039051.13
413,340431.89,3046415.20
414,351525.16,3045455.75
415,355290.31,3041516.69
416,338624.39,3046055.93
417,346686.22,3052429.19
418,348358.33,3047139.55
419,351237.78,3045016.82
420,344125.15,3050541.87
421,354150.18,3041795.48
422,344140.90,3049642.36
423,344369.97,3040231.09
424,341842.19,3047808.89
425,341575.23,3048161.27
426,341322.67,3044430.19
427,343631.93,3039916.67
428,355002.50,3040859.05
429,338914.50,3046722.87
430,346555.69,3051326.62
431,347921.21,3035301.21
432,347065.64,3051327.53
433,354909.54,3043013.19
434,349176.89,3047438.22
435,347767.15,3050859.36
436,347070.38,3050540.10
437,340805.91,3045806.98
438,345640.18,3051691.18
439,352053.65,3045258.97
440,345776.38,3050855.41
441,352620.58,3043062.13
442,350852.05,3046834.86
443,342298.07,3049665.90
444,346474.74,3036428.47
445,346137.45,3036792.87
446,342967.06,3042169.11
447,354322.56,3042275.69
448,341925.94,3046968.09
449,341185.65,3047155.35
450,343316.24,3050803.75
451,343135.76,3048548.86
452,355042.92,3040426.28
453,338869.57,3047153.11
454,342426.02,3041539.86
455,342352.43,3047942.75
456,339038.68,3045871.96
457,342612.32,3048428.08
458,343094.81,3049414.80
459,342437.41,3042068.79
460,341056.72,3048019.74
461,348337.80,3035125.57
462,345701.04,3036536.96
463,349013.52,3049231.13
464,340847.02,3042160.21
465,341821.84,3048649.16
466,342348.69,3048782.12
467,345983.40,3052302.20
468,354905.85,3041697.38
469,347292.36,3050989.35
470,344106.01,3039773.93
471,347903.50,3035671.72
472,343860.59,3050031.12
473,346746.75,3052025.91
474,342591.11,3049283.21
475,348304.55,3035797.80
476,341647.29,3047348.97
