ID,X(m),Y(m)
1,346578.74,3034573.19
2,348768.38,3035026.51
3,355049.90,3039980.55
4,356001.02,3042004.25
5,347331.45,3052996.91
6,345141.81,3052543.59
7,338860.29,3047589.55
8,337909.17,3045565.84
9,347308.62,3034724.30
10,348038.50,3034875.40
11,349553.57,3035645.77
12,350338.76,3036265.02
13,351123.95,3036884.28
14,351909.14,3037503.53
15,352694.33,3038122.79
16,353479.52,3038742.04
17,354264.71,3039361.30
18,355366.94,3040655.12
19,355683.98,3041329.69
20,355381.77,3042789.44
21,354762.51,3043574.63
22,354143.25,3044359.82
23,353524.00,3045145.01
24,352904.74,3045930.20
25,352285.49,3046715.39
26,351666.23,3047500.58
27,351046.98,3048285.77
28,350427.72,3049070.96
29,349808.47,3049856.15
30,349189.21,3050641.34
31,348569.96,3051426.53
32,347950.70,3052211.72
33,346601.57,3052845.80
34,345871.69,3052694.70
35,344356.62,3051924.33
36,343571.43,3051305.08
37,342786.24,3050685.82
38,342001.05,3050066.57
39,341215.86,3049447.31
40,340430.67,3048828.06
41,339645.48,3048208.80
42,338543.25,3046914.98
43,338226.21,3046240.41
44,338528.42,3044780.66
45,339147.68,3043995.47
46,339766.94,3043210.28
47,340386.19,3042425.09
48,341005.45,3041639.90
49,341624.70,3040854.71
50,342243.96,3040069.52
51,342863.21,3039284.33
52,343482.47,3038499.14
53,344101.72,3037713.95
54,344720.98,3036928.76
55,345340.23,3036143.57
56,345959.49,3035358.38
57,351915.12,3045786.51
58,341913.64,3041878.93
59,349477.27,3048958.15
60,344544.19,3038663.86
61,351755.59,3038508.14
62,342075.14,3049126.47
63,353765.88,3043339.28
64,344379.93,3051053.48
65,349409.87,3036635.39
66,340103.78,3044199.32
67,350705.51,3047379.67
68,353342.00,3039727.03
69,348263.37,3050562.57
70,345709.22,3037110.84
71,340535.21,3047876.78
72,343173.60,3040172.03
73,346359.72,3052152.52
74,354928.64,3041278.85
75,347518.60,3035553.43
76,338995.08,3046298.81
77,354101.13,3040272.01
78,353213.68,3040702.72
79,352421.45,3040109.48
80,352308.33,3041098.07
81,351502.91,3040505.98
82,351393.55,3041499.14
83,350586.77,3040907.03
84,350477.18,3041901.06
85,349670.86,3041309.21
86,349561.37,3042303.18
87,348755.22,3041711.44
88,348645.81,3042705.40
89,347839.68,3042113.70
90,347730.28,3043107.66
91,346924.16,3042515.98
92,346814.78,3043509.97
93,347620.79,3044101.77
94,346705.35,3044503.99
95,345899.25,3043912.26
96,345789.88,3044906.26
97,347949.06,3041119.71
98,346595.96,3045497.98
99,345680.50,3045900.26
100,344874.37,3045308.54
101,346486.64,3046491.98
102,345571.13,3046894.26
103,349780.37,3040315.02
104,349451.85,3043297.25
105,347402.14,3046089.75
106,346377.27,3047485.98
107,345462.13,3047889.11
108,344655.68,3047296.68
109,351284.40,3042493.01
110,346268.33,3048480.98
111,344546.69,3048291.56
112,347183.49,3048077.87
113,343740.18,3047699.01
114,343849.50,3046704.87
115,342933.98,3047107.14
116,343043.34,3046113.11
117,342171.29,3046520.16
118,342245.94,3045525.58
119,341314.11,3046029.08
120,343154.17,3045119.80
121,342348.86,3044530.39
122,343262.09,3044125.09
123,353108.92,3041698.39
124,347070.27,3049063.13
125,346160.33,3049472.92
126,342458.27,3043538.30
127,343373.79,3043136.34
128,344177.99,3043723.69
129,344287.44,3042729.83
130,343502.59,3042179.91
131,344401.25,3041742.25
132,345203.39,3042327.95
133,345312.84,3041334.01
134,343661.05,3048663.71
135,344431.99,3049254.07
136,342100.51,3047462.52
137,347993.50,3048565.76
138,348100.64,3047600.56
139,344542.81,3040741.42
140,345414.92,3040329.58
141,346226.50,3040929.01
142,346335.57,3039934.56
143,341588.75,3043948.32
144,346908.86,3050046.33
145,346085.62,3050433.16
146,346838.97,3050952.55
147,345486.66,3039318.64
148,346438.62,3038937.66
149,347250.83,3039532.93
150,347360.17,3038539.04
151,348167.31,3039131.37
152,348292.02,3038091.09
153,347476.15,3037490.39
154,349085.74,3038721.61
155,345640.01,3038350.54
156,341737.47,3042943.47
157,343586.23,3049521.23
158,339811.25,3047314.01
159,340715.60,3046881.67
160,339959.19,3046297.36
161,348721.77,3035931.66
162,348368.48,3036911.04
163,347450.08,3036498.65
164,345156.80,3051622.80
165,349212.66,3037670.42
166,350008.62,3038313.56
167,344595.85,3039743.81
168,341490.20,3044958.86
169,340482.73,3045325.31
170,351622.49,3039511.49
171,346549.05,3037903.45
172,345267.34,3049831.65
173,345356.13,3048870.05
174,352198.77,3042093.35
175,352075.06,3043052.71
176,351171.47,3043481.73
177,352073.71,3044099.90
178,351052.97,3044469.70
179,352979.61,3042656.57
180,353852.71,3042279.84
181,354067.22,3041234.86
182,350698.26,3039913.12
183,350807.41,3038918.04
184,350954.28,3037910.63
185,346649.46,3036911.30
186,346721.08,3036017.63
187,350367.34,3042894.26
188,350255.72,3043886.23
189,350148.01,3044882.67
190,350948.92,3045591.67
191,349936.77,3045969.63
192,349215.91,3045300.86
193,349037.32,3046341.53
194,349339.09,3044293.39
195,348423.55,3044696.45
196,348974.34,3039722.05
197,349891.64,3039318.36
198,352552.56,3039120.16
199,348864.71,3040717.19
200,347033.39,3041521.77
201,346008.79,3042918.49
202,350068.70,3048151.02
203,349736.25,3047085.89
204,348988.27,3048075.22
205,344983.81,3044314.68
206,346118.18,3041924.54
207,351333.48,3046589.76
208,348879.81,3049766.32
209,344765.01,3046302.57
210,348058.20,3040125.21
211,342556.14,3040981.29
212,343959.10,3045710.95
213,342866.04,3048064.36
214,339518.05,3044924.35
215,341299.63,3048519.65
216,352534.38,3045001.32
217,353141.20,3044237.13
218,347293.07,3047071.26
219,344068.23,3044716.82
220,345093.29,3043320.85
221,347142.26,3040527.20
222,348168.20,3046664.53
223,348535.55,3043700.00
224,347510.96,3045096.30
225,348293.01,3045698.24
226,350174.69,3037279.88
227,343597.38,3041143.88
228,340746.50,3043346.04
229,342590.32,3042568.08
230,355258.31,3041941.54
231,346812.82,3035280.84
232,338651.88,3045628.56
233,347097.37,3052289.26
234,347876.24,3049634.05
235,346044.93,3051391.36
236,347574.80,3051394.08
237,344943.22,3037753.59
238,343750.93,3039369.92
239,339469.08,3045688.51
240,345198.58,3050741.70
241,344404.48,3050151.79
242,354530.62,3041871.76
243,354584.35,3042675.48
244,348806.14,3047153.55
245,351711.44,3044989.08
246,347985.37,3035986.95
247,352807.09,3043477.12
248,350517.16,3046535.16
249,342818.01,3049804.66
250,354711.93,3040643.17
251,339205.18,3046954.82
252,345718.80,3052059.38
253,340889.05,3044383.40
254,343591.05,3050420.34
255,341506.02,3046921.60
256,342808.28,3041759.35
257,348206.52,3035474.79
258,340620.88,3046066.56
259,347463.30,3050621.41
260,342880.18,3048918.51
261,348683.47,3048968.90
262,341149.43,3042415.65
263,342090.75,3048301.37
264,343971.25,3040208.05
265,346053.67,3036356.48
266,346783.16,3051635.95
267,341335.32,3047662.78
