0.00 1000.00 428
2000.00 0.00 362
10000.00 0.00 433
12000.00 1000.00 530
12000.00 15000.00 460
10000.00 16000.00 421
2000.00 16000.00 216
0.00 15000.00 274
666.67 666.67 372
1333.33 333.33 351
3000.00 0.00 372
4000.00 0.00 352
5000.00 0.00 351
6000.00 0.00 351
7000.00 0.00 350
8000.00 0.00 334
9000.00 0.00 384
10666.67 333.33 444
11333.33 666.67 479
12000.00 2000.00 497
12000.00 3000.00 489
12000.00 4000.00 490
12000.00 5000.00 485
12000.00 6000.00 529
12000.00 7000.00 642
12000.00 8000.00 853
12000.00 9000.00 927
12000.00 10000.00 1061
12000.00 11000.00 1067
12000.00 12000.00 859
12000.00 13000.00 886
12000.00 14000.00 630
11333.33 15333.33 586
10666.67 15666.67 509
9000.00 16000.00 310
8000.00 16000.00 296
7000.00 16000.00 285
6000.00 16000.00 283
5000.00 16000.00 268
4000.00 16000.00 248
3000.00 16000.00 232
1333.33 15666.67 246
666.67 15333.33 260
0.00 14000.00 444
0.00 13000.00 365
0.00 12000.00 427
0.00 11000.00 670
0.00 10000.00 916
0.00 9000.00 1158
0.00 8000.00 1447
0.00 7000.00 1838
0.00 6000.00 1450
0.00 5000.00 867
0.00 4000.00 527
0.00 3000.00 431
0.00 2000.00 372
11133.97 6500.00 617
861.13 9625.29 876
11183.86 10500.00 1077
935.66 5471.86 978
6501.54 883.89 369
5476.02 15215.96 308
11071.71 3432.37 477
8479.03 15301.78 433
3500.00 866.03 355
876.96 12568.00 486
11170.77 8500.00 1045
8501.98 858.56 383
11224.26 12511.49 1052
888.71 3531.00 473
3493.00 15188.33 284
793.42 7504.81 1618
10714.12 14938.74 779
10708.76 1094.50 450
1344.98 1187.66 349
1306.54 14903.07 314
9435.53 816.38 411
9005.43 1704.12 416
8016.01 1728.92 382
8539.38 2575.19 436
7540.32 2609.05 398
8069.46 3456.59 472
7069.32 3491.27 446
7598.84 4339.65 479
6599.21 4374.24 447
7128.76 5222.51 480
6129.35 5257.09 485
6658.95 6105.28 525
5659.58 6139.89 547
6189.19 6988.08 555
5189.83 7022.69 592
5719.48 7870.91 619
6718.83 7836.45 622
6249.11 8719.16 823
5249.74 8753.72 854
5779.40 9601.93 1000
5129.92 5291.68 567
6778.75 9567.37 704
6309.06 10450.14 767
5309.67 10484.73 1117
7308.46 10415.55 771
6838.72 11298.35 611
6069.55 3525.80 419
7658.35 6070.86 527
7778.21 9532.79 787
7838.12 11263.76 829
7369.20 12147.00 725
6369.12 12181.22 541
8599.22 4304.56 480
8368.74 12112.48 996
6899.62 13029.88 518
8837.69 11229.25 961
5899.43 13064.05 426
5369.63 12215.77 517
4899.88 13098.57 441
4370.20 12250.34 508
3937.54 13109.98 414
3380.26 12282.82 508
2960.39 13255.20 429
3842.10 11401.77 682
2844.79 11437.67 700
3310.86 10553.91 1155
9539.75 2550.79 465
9358.92 12072.97 1039
8898.20 12958.22 874
2316.34 10590.93 753
2786.28 9708.38 1256
3781.45 9671.56 1409
3251.93 8823.42 1132
2295.13 8877.64 1026
2729.74 7977.50 902
3722.26 7940.65 771
3192.70 7092.44 873
6434.69 13870.53 386
7405.60 13856.67 523
4465.52 13893.74 375
9775.82 11110.73 802
9262.25 10286.52 815
2221.12 7104.00 1045
2650.86 6240.56 820
3659.30 6208.66 649
3129.12 5360.28 558
1887.51 11451.33 574
9841.03 12944.92 1121
9434.18 13758.46 792
10347.33 13699.76 1035
2081.15 5402.36 630
2592.69 4513.71 532
3599.06 4478.14 476
3069.44 3630.04 423
4070.01 3595.31 400
3523.73 2701.26 378
2511.12 2734.83 388
4537.39 2704.82 387
1602.05 4547.25 554
1382.02 10570.24 707
6906.96 14590.18 410
2576.05 15194.77 249
3018.41 14295.27 308
2062.65 14304.89 330
2523.92 739.58 350
2853.01 1727.36 359
1876.51 1972.28 368
9441.57 15267.72 470
3986.10 1800.84 373
5009.35 1812.93 377
1644.98 6287.84 999
2435.91 12305.83 481
1871.78 13217.44 419
7018.36 1754.14 388
2038.96 3633.27 450
8419.18 13792.87 762
7893.43 12982.85 732
9069.69 3424.52 472
9566.63 4254.41 494
9122.82 5150.83 524
10214.06 5077.49 536
9641.59 5999.95 593
10031.57 3383.22 458
10483.83 2546.74 449
10005.15 1593.39 447
6541.38 2641.83 406
6010.87 1792.91 385
5502.35 910.94 366
1503.41 2792.07 407
1006.24 2046.02 404
8127.63 5187.51 514
8654.27 6035.52 562
9186.75 6884.61 615
10254.67 6945.35 649
9693.99 7868.89 857
8713.84 7790.17 726
9218.06 8717.89 933
8186.68 6922.84 606
7717.41 7806.28 636
5069.45 3559.35 412
5539.72 2674.33 397
7506.32 870.92 368
5599.62 4408.61 441
4659.93 6174.42 617
4720.35 7905.59 680
11148.42 9500.00 996
10227.79 8869.54 965
10253.14 10109.54 1030
4780.14 9636.59 1216
4190.73 7057.41 698
11174.69 7490.89 822
11215.20 11504.55 1076
5839.35 11332.96 826
4599.76 4443.23 448
809.74 8522.59 1352
4840.20 11367.48 654
5439.30 13892.24 380
866.03 13500.00 376
4491.31 15219.73 302
11133.97 5500.00 537
11137.22 4524.19 501
8300.38 10371.01 706
4310.26 10519.32 855
4250.67 8788.45 937
4129.52 5326.07 478
8735.65 9509.72 1069
7188.29 6954.52 556
7248.45 8685.36 687
8235.27 8673.70 765
4499.63 898.46 359
1728.00 8005.46 1170
853.21 11500.00 597
1819.21 9747.36 835
11377.99 1410.68 482
622.01 1410.68 365
622.01 14589.32 324
11377.99 14589.32 663
10345.30 12022.15 1010
9995.59 14536.02 742
11198.52 13590.78 753
685.28 4510.02 583
750.03 6517.49 1567
1300.79 14130.34 335
8928.75 14550.03 579
7939.92 14578.58 450
10763.41 1806.52 468
11303.31 2404.32 473
9539.38 9498.64 1188
10480.23 6000.00 586
1979.95 1239.02 348
10404.24 4134.34 517
10499.92 7953.52 857
6479.28 15288.44 320
10144.96 729.57 431
1877.74 15288.05 264
10153.20 15262.50 506
1607.54 12226.25 502
7467.53 15293.16 357
3663.77 13837.15 356
1489.54 8977.38 1065
1836.44 699.92 347
2439.28 13713.91 383
10632.49 13053.13 908
5979.35 14554.15 352
10567.23 11000.00 898
593.44 10519.95 793
4977.32 14558.44 334
1442.04 7039.13 1232
692.03 2725.38 414
10726.71 14270.92 924
3988.72 14524.83 347